lottery.number<-c(
810,156,140,542,507,972,431,981,865,499,20,123,356,
15,11,160,507,779,286,268,698,640,136,854,69,199,
413,192,602,987,112,245,174,913,828,539,434,357,178,
198,406,79,34,89,257,662,524,809,527,257,8,446,
440,781,615,231,580,987,391,267,808,258,479,516,964,
742,537,275,112,230,310,335,238,294,854,309,26,960,
200,604,841,659,735,105,254,117,751,781,937,20,348,
653,410,468,77,921,314,683,0,963,122,18,827,661,
918,110,767,761,305,485,8,808,648,508,684,879,67,
282,928,733,518,441,661,219,310,771,906,235,396,223,
695,499,42,230,623,300,380,646,553,182,158,744,894,
689,978,314,337,226,106,299,947,896,863,239,180,764,
849,87,975,92,701,402,1,884,750,236,395,999,744,
714,253,711,863,496,214,430,107,781,954,941,416,243,
480,111,47,691,616,253,477,11,114,133,293,812,197,
358,7,996,842,255,374,693,383,99,474,333,467,515,
357,694,919,424,274,913,919,245,964,472,935,434,170,
300,476,528,403,677,559,187,652,319,582,541,16,981,
158,945,72,167,77,185,209,893,346,515,555,858,434,
541,411,109,761,767,597,479)

lottery.payoff<-c(
190.0,120.5,285.5,184.0,384.5,324.5,114.0,506.5,290.0,
869.5,668.5,,83.0,188.0,449.0,289.5,212.0,466.0,548.5,
260.0,300.5,556.5,371.5,112.5,254.5,368.0,510.0,102.0,
206.5,261.5,361.0,167.5,187.0,146.5,205.0,348.5,283.5,
447.0,102.5,219.0,292.5,343.0,332.5,532.5,445.5,127.0,
557.5,203.5,373.5,142.0,230.5,482.5,512.5,330.0,273.0,
171.0,178.0,463.5,476.0,290.0,176.0,195.0,159.5,296.0,
177.5,406.0,182.0,164.5,137.0,191.0,298.0,110.0,353.0,
192.5,308.5,287.0,203.5,377.5,211.5,342.0,259.0,231.0,
348.0,159.0,130.5,176.0,128.5,159.0,290.0,335.0,514.0,
191.0,304.5,167.0,257.0,640.0,142.0,146.0,356.0,,96.0,
295.0,237.0,312.5,215.0,442.5,127.0,127.0,756.0,228.5,
132.0,256.0,374.5,262.5,286.5,264.0,380.5,357.5,478.5,
511.5,218.0,353.0,162.5,184.0,548.0,166.5,147.5,240.0,
386.0,130.5,287.5,230.0,480.5,247.5,380.0,238.5,237.5,
214.5,394.5,416.5,392.5,244.5,202.0,371.5,553.0,293.5,
295.0,178.0,334.5,226.0,194.0,388.5,353.0,404.0,348.0,
163.5,216.5,283.0,388.5,567.5,250.5,478.0,267.5,326.5,
369.0,512.5,341.0,188.5,386.0,239.0,480.5,105.0,227.0,
130.5,384.5,294.5,154.0,324.0,116.0,229.0,301.5,334.0,
143.5,212.0,448.0,126.5,417.5,276.5,303.0,211.0,373.0,
209.5,207.5,195.0,317.0,170.5,230.0,143.0,361.0,452.0,
260.5,308.5,206.0,256.5,291.0,421.5,295.5,119.5,268.5,
221.0,151.5,314.5,313.5,323.5,204.0,241.0,637.0,214.0,
348.0,191.5,384.0,220.0,285.5,335.0,251.5,131.5,328.0,
392.0,509.0,235.5,249.5,129.5,303.0,201.5,365.0,346.5,
210.5,334.0,376.5,215.5,312.0,239.5,221.0,388.0,154.5,
268.5,127.0,537.5,427.5,272.0,197.0,167.5,292.0,170.0,
486.5,262.0)

lottery2.payoff<-c(
336.5,267.0,413.5,283.0,380.0,246.0,285.5,321.5,247.5,180.0,139.5,434.0,
150.5,377.0,241.0,455.0,203.5,283.0,275.5,163.0,274.5,178.0,356.5,293.0,
227.0,476.5,324.0,218.0,322.5,204.0,242.5,187.0,516.0,182.5,293.5,395.5,
198.5,181.5,419.0,201.0,301.5,404.5,268.0,232.5,293.0,540.0,243.0,218.0,
258.5,201.0,337.5,192.5,291.5,181.5,214.5,208.0,242.5,302.5,347.5,230.0,
287.0,231.5,234.5,325.5,365.5,281.5,327.5,308.0,315.0,214.0,347.0,285.5,
190.5,320.0,464.0,338.0,327.5,274.5,247.0,210.0,352.5,251.0,246.5,474.0,
197.0,288.0,302.0,329.5,213.0,317.5,218.0,382.5,369.0,190.5,175.0,172.5,
407.0,269.0,126.5,263.0,710.0,308.5,266.0,363.0,284.0,175.5,204.0,335.5,
268.5,309.0,283.0,341.0,306.0,138.0,185.5,146.5,301.5,434.0,524.0,272.5,
206.0,290.5,268.0,235.0,154.0,253.0,469.5,179.0,279.5,198.0,155.5,295.5,
227.0,224.5,541.0,271.0,548.0,223.5,174.5,257.0,280.5,184.5,234.5,261.5,
175.0,359.0,180.0,219.5,337.0,368.5,302.5,247.5,342.5,316.0,425.5,457.0,
111.5,202.5,297.5,247.5,329.5,125.0,390.0,283.5,227.5,253.0,225.5,172.0,
558.5,217.5,250.0,528.5,512.0,367.5,207.5,394.0,364.0,254.5,195.5,253.5,
222.5,325.5,178.5,325.5,245.0,376.0,324.0,278.5,301.0,232.5,276.5,269.5,
301.0,199.5,290.0,260.0,186.5,367.5,293.5,228.5,244.5,720.5,127.0,285.0,
309.0,404.0,342.0,147.0,213.5,308.5,434.0,210.0,183.5,211.5,364.5,236.5,
357.5,291.5,195.0,329.5,276.0,225.5,308.5,261.5,220.0,258.0,208.0,359.0,
261.5,223.5,376.0,175.0,205.0,264.5,144.0,388.0,306.5,215.5,411.5,182.5,
278.5,151.0,455.0,165.0,200.5,192.5,248.5,236.5,281.0,281.5,322.0,419.5,
233.5,288.0)

